-- iterations: 15 step: 20 queries: 5 length: 10000 clients: 3 delay: 1,
           (1, 836.9333333333333),
           (2, 544.0),
           (3, 593.2),
           (4, 614.6666666666666),
           (5, 701.8),
           (6, 831.9333333333333),
           (7, 758.7333333333333),
           (8, 789.7333333333333),
           (9, 821.8666666666667),
           (10, 856.0666666666667),
           (11, 755.9333333333333),
           (12, 915.9333333333333),
           (13, 899.7333333333333),
           (14, 898.1333333333333),
           (15, 897.9333333333333)