-- iterations: 15 step: 20 queries: 5 length: 10000 clients: 3 delay: 1,
           (1, 725.8666666666667),
           (2, 509.0),
           (3, 482.0),
           (4, 546.5333333333333),
           (5, 584.2666666666667),
           (6, 718.1333333333333),
           (7, 628.8666666666667),
           (8, 615.1333333333333),
           (9, 643.3333333333334),
           (10, 622.6),
           (11, 511.6),
           (12, 645.3333333333334),
           (13, 652.8),
           (14, 622.1333333333333),
           (15, 611.1333333333333)