-- iterations: 15 step: 20 queries: 5 length: 10000 clients: 3 delay: 1,
           (1, 702.9333333333333),
           (2, 519.4666666666667),
           (3, 494.93333333333334),
           (4, 549.8666666666667),
           (5, 598.3333333333334),
           (6, 727.6),
           (7, 634.1333333333333),
           (8, 617.8),
           (9, 647.0),
           (10, 631.8),
           (11, 543.3333333333334),
           (12, 651.0),
           (13, 656.4666666666667),
           (14, 626.0),
           (15, 613.4666666666667)