-- iterations: 15 step: 20 queries: 5 length: 10000 clients: 3 delay: 1,
           (1, 528.4666666666667),
           (2, 346.46666666666664),
           (3, 354.0),
           (4, 353.6),
           (5, 348.73333333333335),
           (6, 351.93333333333334),
           (7, 363.8),
           (8, 342.6666666666667),
           (9, 353.2),
           (10, 344.6),
           (11, 357.6666666666667),
           (12, 339.6),
           (13, 366.6),
           (14, 355.3333333333333),
           (15, 342.6)