-- iterations: 15 step: 20 queries: 5 length: 10000 clients: 3 delay: 1,
           (1, 531.1333333333333),
           (2, 347.2),
           (3, 354.6),
           (4, 354.2),
           (5, 349.26666666666665),
           (6, 352.53333333333336),
           (7, 364.53333333333336),
           (8, 343.53333333333336),
           (9, 353.73333333333335),
           (10, 345.2),
           (11, 358.26666666666665),
           (12, 340.06666666666666),
           (13, 367.4),
           (14, 355.8666666666667),
           (15, 343.06666666666666)