-- iterations: 15 step: 20 queries: 5 length: 10000 clients: 3 delay: 1,
           (1, 601.2666666666667),
           (2, 401.1333333333333),
           (3, 398.06666666666666),
           (4, 418.0),
           (5, 433.06666666666666),
           (6, 456.2),
           (7, 488.0),
           (8, 487.73333333333335),
           (9, 517.2),
           (10, 528.7333333333333),
           (11, 561.5333333333333),
           (12, 563.2),
           (13, 611.2),
           (14, 619.2666666666667),
           (15, 627.2)