-- iterations: 15 step: 20 queries: 5 length: 10000 clients: 3 delay: 1,
           (1, 609.8),
           (2, 411.8666666666667),
           (3, 436.73333333333335),
           (4, 450.46666666666664),
           (5, 442.3333333333333),
           (6, 457.8),
           (7, 477.53333333333336),
           (8, 500.73333333333335),
           (9, 509.8666666666667),
           (10, 541.0666666666667),
           (11, 609.8666666666667),
           (12, 576.5333333333333),
           (13, 607.2),
           (14, 622.6),
           (15, 649.0)