-- iterations: 15 step: 20 queries: 5 length: 10000 clients: 3 delay: 1,
           (1, 534.6666666666666),
           (2, 358.26666666666665),
           (3, 392.53333333333336),
           (4, 349.93333333333334),
           (5, 358.06666666666666),
           (6, 353.93333333333334),
           (7, 353.93333333333334),
           (8, 355.8),
           (9, 346.46666666666664),
           (10, 357.8666666666667),
           (11, 406.6666666666667),
           (12, 353.3333333333333),
           (13, 363.8),
           (14, 359.3333333333333),
           (15, 364.46666666666664)