-- iterations: 15 step: 20 queries: 5 length: 10000 clients: 3 delay: 1,
           (1, 527.4),
           (2, 357.46666666666664),
           (3, 391.6),
           (4, 349.1333333333333),
           (5, 357.1333333333333),
           (6, 353.0),
           (7, 353.26666666666665),
           (8, 355.1333333333333),
           (9, 345.8666666666667),
           (10, 357.26666666666665),
           (11, 405.3333333333333),
           (12, 352.53333333333336),
           (13, 363.2),
           (14, 358.2),
           (15, 363.73333333333335)